66 0.143000 0.532000 0.285000 0.315000
66 0.152000 0.556500 0.059000 0.060000
66 0.211500 0.547000 0.050000 0.059000
66 0.159500 0.505000 0.052000 0.059000
66 0.256500 0.546000 0.046000 0.059000
66 0.072500 0.406500 0.050000 0.050000
66 0.027000 0.408500 0.051000 0.050000
66 0.108500 0.500500 0.052000 0.048000
66 0.026500 0.456500 0.050000 0.048000
66 0.101500 0.546000 0.048000 0.047000
66 0.072500 0.454000 0.048000 0.047000
66 0.051500 0.543000 0.048000 0.047000
66 0.094500 0.502500 0.034000 0.046000
66 0.015000 0.546500 0.029000 0.046000
66 0.013000 0.501500 0.025000 0.046000
60 0.953500 0.158500 0.092000 0.210000